Magma V2.28-3     Sun Jun 21 2026 22:22:18 on euler    [Seed = 1664182407]
Type ? for help.  Type <Ctrl>-D to quit.

Loading file "computations/general/heights_ell_X0N.m"
N = 183 = [ <3, 1>, <61, 1> ]
values of local heigths h_ell for X_0(N):
ell = 3:
vertices: [ -68/19, 8/19 ]
[40/19     0     0     0     2     2     0     0     0     0     0     0]
[    0 40/19     0     0     2     2     0     0     0     0     0     0]
[    0     0 40/19     0     1     1     1     1     0     0     0     0]
[    0     0     0 40/19     1     1     1     1     0     0     0     0]
[    1     1     1     1  2/19     1     0     0     0     0     1     0]
[    1     1     1     1     1  2/19     0     0     0     0     1     0]
[    0     0     1     1     0     0  2/19     1     1     1     0     1]
[    0     0     1     1     0     0     1  2/19     1     1     0     1]
[    0     0     0     0     0     0     1     1 40/19     0     2     0]
[    0     0     0     0     0     0     1     1     0 40/19     2     0]
[    0     0     0     0     1     1     0     0     2     2  2/19     0]
[    0     0     0     0     0     0     3     3     0     0     0  2/19]
edges: [ -444/19, -444/19, -1816/19, -1816/19, -1854/19, -1854/19, -1854/19, 
-1854/19, -1816/19, -1816/19, -1854/19, -1850/171 ]
0 out of 12 edges are not fixed by any w_prime.
values with subdivision 1: { -158648/171, 0 }
values with subdivision 2: { -158648/171, -325639/684, -81367/171, -159647/342, 
-318221/684, 0 }

ell = 61:
vertices: [ 0, 0 ]
[2/19 0 0 0 0 1 0 0 0 1 0 0 1 0 2 0 0 1 0 0]
[0 2/19 0 0 1 0 0 0 1 0 0 0 1 0 1 1 1 0 0 0]
[0 0 2/19 0 0 0 0 1 0 0 0 1 1 1 0 1 0 0 0 1]
[0 0 0 2/19 0 0 1 0 0 0 1 0 0 2 0 1 0 0 1 0]
[0 1 0 0 2/19 0 0 0 0 0 1 2 0 0 0 0 1 0 1 0]
[1 0 0 0 0 2/19 0 0 1 1 0 1 0 0 0 0 0 2 0 0]
[0 0 0 1 0 0 2/19 0 0 2 1 0 0 0 0 0 1 0 0 1]
[0 0 1 0 0 0 0 2/19 2 0 1 0 0 0 0 0 0 0 1 1]
[0 1 0 0 0 1 0 2 2/19 0 0 0 0 0 0 0 1 1 0 0]
[1 0 0 0 0 1 2 0 0 2/19 0 0 0 0 0 0 1 0 0 1]
[0 0 0 1 1 0 1 1 0 0 2/19 0 0 0 0 0 0 0 2 0]
[0 0 1 0 2 1 0 0 0 0 0 2/19 0 0 0 0 0 1 0 1]
[1 1 1 0 0 0 0 0 0 0 0 0 2/19 0 0 2 0 1 0 0]
[0 0 1 2 0 0 0 0 0 0 0 0 0 40/19 0 0 0 0 0 1]
[2 1 0 0 0 0 0 0 0 0 0 0 0 0 40/19 0 1 0 0 0]
[0 1 1 1 0 0 0 0 0 0 0 0 2 0 0 2/19 0 0 1 0]
[0 1 0 0 1 0 1 0 1 1 0 0 0 0 1 0 2/19 0 0 0]
[1 0 0 0 0 2 0 0 1 0 0 1 1 0 0 0 0 2/19 0 0]
[0 0 0 1 1 0 0 1 0 0 2 0 0 0 0 1 0 0 2/19 0]
[0 0 1 0 0 0 1 1 0 1 0 1 0 1 0 0 0 0 0 2/19]
edges: [ -122, -122, -122, -122, -122, -122, -122, -122, -122, -122, -122, -122,
-122, -120, -120, -122, -122, -122, -122, -122 ]
0 out of 20 edges are not fixed by any w_prime.
values with subdivision 1: { -2436, 0 }
values with subdivision 2: { -2436, -4933/4, -1233, 0 }


Total time: 1.030 seconds, Total memory usage: 32.09MB
